crossing time (s)	slope (V/s)	crossing number
281474976710655.000000	37.145889	9904	0.000000
281474976710655.000000	40.345478	9905	0.000000
281474976710655.000000	36.961639	9906	0.000000
281474976710655.000000	53.121075	9907	0.000000
281474976710655.000000	39.344486	9908	0.000000
281474976710655.000000	47.974525	9909	0.000000
281474976710655.000000	48.344036	9910	0.000000
281474976710655.000000	47.065903	9911	0.000000
281474976710655.000000	47.352238	9912	0.000000
281474976710655.000000	36.296352	9913	0.000000
281474976710655.000000	48.579708	9914	0.000000
281474976710655.000000	47.974941	9915	0.000000
281474976710655.000000	39.801220	9916	0.000000
281474976710655.000000	44.860195	9917	0.000000
281474976710655.000000	38.766788	9918	0.000000
281474976710655.000000	47.036411	9919	0.000000
281474976710655.000000	38.802444	9920	0.000000
281474976710655.000000	47.270573	9921	0.000000
281474976710655.000000	40.861645	9922	0.000000
281474976710655.000000	40.697857	9923	0.000000
281474976710655.000000	38.524948	9924	0.000000
281474976710655.000000	51.433712	9925	0.000000
281474976710655.000000	46.621811	9926	0.000000
281474976710655.000000	44.799099	9927	0.000000
281474976710655.000000	35.818184	9928	0.000000
281474976710655.000000	45.967373	9929	0.000000
281474976710655.000000	47.167896	9930	0.000000
281474976710655.000000	46.219864	9931	0.000000
281474976710655.000000	35.311432	9932	0.000000
281474976710655.000000	45.493038	9933	0.000000
281474976710655.000000	35.664764	9934	0.000000
281474976710655.000000	45.879055	9935	0.000000
281474976710655.000000	62.043621	9936	0.000000
281474976710655.000000	45.399963	9937	0.000000
281474976710655.000000	45.096401	9938	0.000000
281474976710655.000000	45.517448	9939	0.000000
281474976710655.000000	46.166924	9940	0.000000
281474976710655.000000	45.705654	9941	0.000000
281474976710655.000000	42.430336	9942	0.000000
281474976710655.000000	34.557453	9943	0.000000
281474976710655.000000	44.455265	9944	0.000000
281474976710655.000000	40.964401	9945	0.000000
281474976710655.000000	60.246361	9946	0.000000
281474976710655.000000	45.377586	9947	0.000000
281474976710655.000000	44.509785	9948	0.000000
281474976710655.000000	44.688282	9949	0.000000
281474976710655.000000	47.108105	9950	0.000000
281474976710655.000000	44.392361	9951	0.000000
281474976710655.000000	60.778946	9952	0.000000
281474976710655.000000	49.410130	9953	0.000000
281474976710655.000000	48.861202	9954	0.000000
281474976710655.000000	60.066525	9955	0.000000
281474976710655.000000	44.290314	9956	0.000000
281474976710655.000000	43.326103	9957	0.000000
281474976710655.000000	42.649570	9958	0.000000
281474976710655.000000	43.982346	9959	0.000000
281474976710655.000000	45.408287	9960	0.000000
281474976710655.000000	44.123386	9961	0.000000
281474976710655.000000	49.464184	9962	0.000000
281474976710655.000000	43.956474	9963	0.000000
281474976710655.000000	51.581699	9964	0.000000
281474976710655.000000	45.061783	9965	0.000000
281474976710655.000000	36.094570	9966	0.000000
281474976710655.000000	41.433010	9967	0.000000
281474976710655.000000	38.095345	9968	0.000000
281474976710655.000000	36.082512	9969	0.000000
281474976710655.000000	36.545261	9970	0.000000
281474976710655.000000	37.140503	9971	0.000000
281474976710655.000000	37.660084	9972	0.000000
281474976710655.000000	44.147934	9973	0.000000
281474976710655.000000	43.418663	9974	0.000000
281474976710655.000000	56.289413	9975	0.000000
281474976710655.000000	43.063091	9976	0.000000
281474976710655.000000	44.502678	9977	0.000000
281474976710655.000000	35.278614	9978	0.000000
281474976710655.000000	35.576633	9979	0.000000
281474976710655.000000	53.135960	9980	0.000000
281474976710655.000000	42.573708	9981	0.000000
281474976710655.000000	42.461952	9982	0.000000
281474976710655.000000	57.845013	9983	0.000000
281474976710655.000000	41.975170	9984	0.000000
281474976710655.000000	42.690208	9985	0.000000
281474976710655.000000	40.712490	9986	0.000000
281474976710655.000000	41.866039	9987	0.000000
281474976710655.000000	52.437973	9988	0.000000
281474976710655.000000	42.455338	9989	0.000000
281474976710655.000000	52.444721	9990	0.000000
281474976710655.000000	35.753887	9991	0.000000
281474976710655.000000	52.450062	9992	0.000000
281474976710655.000000	41.612244	9993	0.000000
281474976710655.000000	34.873764	9994	0.000000
281474976710655.000000	40.090454	9995	0.000000
281474976710655.000000	51.314270	9996	0.000000
281474976710655.000000	41.346313	9997	0.000000
281474976710655.000000	41.717171	9998	0.000000
281474976710655.000000	42.044247	9999	0.000000
281474976710655.000000	41.254250	10000	0.000000
281474976710655.000000	43.141407	10001	0.000000
281474976710655.000000	40.799911	10002	0.000000
281474976710655.000000	38.740551	10003	0.000000
281474976710655.000000	37.438450	10004	0.000000
281474976710655.000000	39.310349	10005	0.000000
281474976710655.000000	51.116608	10006	0.000000
281474976710655.000000	39.270916	10007	0.000000
281474976710655.000000	42.012512	10008	0.000000
281474976710655.000000	34.230618	10009	0.000000
281474976710655.000000	50.480621	10010	0.000000
281474976710655.000000	41.119064	10011	0.000000
281474976710655.000000	34.015053	10012	0.000000
281474976710655.000000	34.510883	10013	0.000000
281474976710655.000000	40.742897	10014	0.000000
281474976710655.000000	40.749832	10015	0.000000
281474976710655.000000	40.760834	10016	0.000000
281474976710655.000000	44.654091	10017	0.000000
281474976710655.000000	54.482231	10018	0.000000
281474976710655.000000	40.286293	10019	0.000000
281474976710655.000000	40.528622	10020	0.000000
281474976710655.000000	40.500774	10021	0.000000
281474976710655.000000	33.637138	10022	0.000000
281474976710655.000000	41.851444	10023	0.000000
281474976710655.000000	40.086716	10024	0.000000
281474976710655.000000	37.954620	10025	0.000000
281474976710655.000000	39.861115	10026	0.000000
281474976710655.000000	46.500992	10027	0.000000
281474976710655.000000	33.666553	10028	0.000000
281474976710655.000000	39.658203	10029	0.000000
281474976710655.000000	40.037071	10030	0.000000
281474976710655.000000	38.628010	10031	0.000000
281474976710655.000000	39.651516	10032	0.000000
281474976710655.000000	32.885651	10033	0.000000
281474976710655.000000	40.478981	10034	0.000000
281474976710655.000000	39.576733	10035	0.000000
281474976710655.000000	39.449631	10036	0.000000
281474976710655.000000	33.405060	10037	0.000000
281474976710655.000000	34.541523	10038	0.000000
281474976710655.000000	39.010857	10039	0.000000
281474976710655.000000	39.343857	10040	0.000000
281474976710655.000000	40.409634	10041	0.000000
281474976710655.000000	34.009800	10042	0.000000
281474976710655.000000	39.850628	10043	0.000000
281474976710655.000000	39.363754	10044	0.000000
281474976710655.000000	39.213169	10045	0.000000
281474976710655.000000	38.790489	10046	0.000000
281474976710655.000000	38.421036	10047	0.000000
281474976710655.000000	38.490887	10048	0.000000
281474976710655.000000	34.098465	10049	0.000000
281474976710655.000000	38.970993	10050	0.000000
281474976710655.000000	39.746738	10051	0.000000
281474976710655.000000	33.459858	10052	0.000000
281474976710655.000000	38.656784	10053	0.000000
281474976710655.000000	38.082558	10054	0.000000
281474976710655.000000	42.479443	10055	0.000000
281474976710655.000000	38.588554	10056	0.000000
281474976710655.000000	33.326710	10057	0.000000
281474976710655.000000	32.251694	10058	0.000000
281474976710655.000000	45.555988	10059	0.000000
281474976710655.000000	33.317719	10060	0.000000
281474976710655.000000	38.247177	10061	0.000000
281474976710655.000000	38.190445	10062	0.000000
281474976710655.000000	44.610554	10063	0.000000
281474976710655.000000	38.571690	10064	0.000000
281474976710655.000000	38.740376	10065	0.000000
281474976710655.000000	43.716545	10066	0.000000
281474976710655.000000	35.998219	10067	0.000000
281474976710655.000000	37.604057	10068	0.000000
281474976710655.000000	37.994339	10069	0.000000
281474976710655.000000	37.680080	10070	0.000000
281474976710655.000000	38.268600	10071	0.000000
281474976710655.000000	41.483837	10072	0.000000
281474976710655.000000	37.966114	10073	0.000000
281474976710655.000000	37.771015	10074	0.000000
281474976710655.000000	37.581726	10075	0.000000
281474976710655.000000	40.642242	10076	0.000000
281474976710655.000000	37.387024	10077	0.000000
281474976710655.000000	32.946285	10078	0.000000
281474976710655.000000	36.789268	10079	0.000000
281474976710655.000000	43.846657	10080	0.000000
281474976710655.000000	37.294048	10081	0.000000
281474976710655.000000	45.991844	10082	0.000000
281474976710655.000000	36.867607	10083	0.000000
281474976710655.000000	36.923782	10084	0.000000
281474976710655.000000	37.200512	10085	0.000000
281474976710655.000000	37.667465	10086	0.000000
281474976710655.000000	36.611561	10087	0.000000
281474976710655.000000	38.146416	10088	0.000000
281474976710655.000000	36.760937	10089	0.000000
281474976710655.000000	36.889278	10090	0.000000
281474976710655.000000	32.566174	10091	0.000000
281474976710655.000000	40.406334	10092	0.000000
281474976710655.000000	31.580929	10093	0.000000
281474976710655.000000	36.452835	10094	0.000000
281474976710655.000000	36.603336	10095	0.000000
281474976710655.000000	30.168077	10096	0.000000
281474976710655.000000	40.497299	10097	0.000000
281474976710655.000000	43.005859	10098	0.000000
281474976710655.000000	32.355171	10099	0.000000
281474976710655.000000	36.556911	10100	0.000000
281474976710655.000000	36.163300	10101	0.000000
281474976710655.000000	34.239548	10102	0.000000
281474976710655.000000	36.278111	10103	0.000000
281474976710655.000000	37.202221	10104	0.000000
281474976710655.000000	35.842785	10105	0.000000
281474976710655.000000	38.738636	10106	0.000000
281474976710655.000000	35.810246	10107	0.000000
281474976710655.000000	35.549469	10108	0.000000
281474976710655.000000	36.148556	10109	0.000000
281474976710655.000000	32.350441	10110	0.000000
281474976710655.000000	31.332914	10111	0.000000
281474976710655.000000	35.617428	10112	0.000000
281474976710655.000000	37.521301	10113	0.000000
281474976710655.000000	31.741066	10114	0.000000
281474976710655.000000	33.742168	10115	0.000000
281474976710655.000000	38.534409	10116	0.000000
281474976710655.000000	31.910122	10117	0.000000
281474976710655.000000	35.515427	10118	0.000000
281474976710655.000000	35.652958	10119	0.000000
281474976710655.000000	33.049873	10120	0.000000
281474976710655.000000	35.444004	10121	0.000000
281474976710655.000000	37.937302	10122	0.000000
281474976710655.000000	35.168949	10123	0.000000
281474976710655.000000	35.254871	10124	0.000000
281474976710655.000000	38.400520	10125	0.000000
281474976710655.000000	33.897316	10126	0.000000
281474976710655.000000	36.637726	10127	0.000000
281474976710655.000000	34.960754	10128	0.000000
281474976710655.000000	30.565493	10129	0.000000
281474976710655.000000	38.329082	10130	0.000000
281474976710655.000000	29.311152	10131	0.000000
281474976710655.000000	31.002106	10132	0.000000
281474976710655.000000	36.786797	10133	0.000000
281474976710655.000000	33.107311	10134	0.000000
281474976710655.000000	31.295103	10135	0.000000
281474976710655.000000	34.350830	10136	0.000000
281474976710655.000000	34.243603	10137	0.000000
281474976710655.000000	29.808529	10138	0.000000
281474976710655.000000	34.468708	10139	0.000000
281474976710655.000000	28.865339	10140	0.000000
281474976710655.000000	35.910049	10141	0.000000
281474976710655.000000	32.656769	10142	0.000000
281474976710655.000000	40.253178	10143	0.000000
281474976710655.000000	32.169113	10144	0.000000
281474976710655.000000	37.440937	10145	0.000000
281474976710655.000000	34.394176	10146	0.000000
281474976710655.000000	36.471764	10147	0.000000
281474976710655.000000	30.948442	10148	0.000000
281474976710655.000000	34.177368	10149	0.000000
281474976710655.000000	29.857880	10150	0.000000
281474976710655.000000	34.138092	10151	0.000000
281474976710655.000000	30.599201	10152	0.000000
281474976710655.000000	30.851507	10153	0.000000
281474976710655.000000	33.928524	10154	0.000000
281474976710655.000000	36.674614	10155	0.000000
281474976710655.000000	33.638145	10156	0.000000
281474976710655.000000	31.572153	10157	0.000000
281474976710655.000000	33.540924	10158	0.000000
281474976710655.000000	33.552315	10159	0.000000
281474976710655.000000	33.621246	10160	0.000000
281474976710655.000000	28.942394	10161	0.000000
281474976710655.000000	30.042767	10162	0.000000
281474976710655.000000	30.090979	10163	0.000000
281474976710655.000000	33.505661	10164	0.000000
281474976710655.000000	30.243546	10165	0.000000
281474976710655.000000	33.221939	10166	0.000000
281474976710655.000000	36.926456	10167	0.000000
281474976710655.000000	28.709541	10168	0.000000
281474976710655.000000	34.323868	10169	0.000000
281474976710655.000000	33.092278	10170	0.000000
281474976710655.000000	33.337654	10171	0.000000
281474976710655.000000	36.266205	10172	0.000000
281474976710655.000000	27.309511	10173	0.000000
281474976710655.000000	37.999352	10174	0.000000
281474976710655.000000	32.918640	10175	0.000000
281474976710655.000000	32.043503	10176	0.000000
281474976710655.000000	30.200638	10177	0.000000
281474976710655.000000	32.996792	10178	0.000000
281474976710655.000000	33.429153	10179	0.000000
281474976710655.000000	30.673700	10180	0.000000
281474976710655.000000	27.824785	10181	0.000000
281474976710655.000000	31.632322	10182	0.000000
281474976710655.000000	32.235649	10183	0.000000
281474976710655.000000	31.500149	10184	0.000000
281474976710655.000000	30.663866	10185	0.000000
281474976710655.000000	33.550884	10186	0.000000
281474976710655.000000	34.657703	10187	0.000000
281474976710655.000000	33.385056	10188	0.000000
281474976710655.000000	32.782909	10189	0.000000
281474976710655.000000	30.529509	10190	0.000000
281474976710655.000000	32.445148	10191	0.000000
281474976710655.000000	31.657621	10192	0.000000
281474976710655.000000	31.806515	10193	0.000000
281474976710655.000000	29.895617	10194	0.000000
281474976710655.000000	32.681007	10195	0.000000
281474976710655.000000	30.170069	10196	0.000000
281474976710655.000000	28.918701	10197	0.000000
281474976710655.000000	31.396339	10198	0.000000
281474976710655.000000	32.197666	10199	0.000000
281474976710655.000000	32.622612	10200	0.000000
281474976710655.000000	29.988075	10201	0.000000
281474976710655.000000	31.917034	10202	0.000000
281474976710655.000000	29.635523	10203	0.000000
281474976710655.000000	31.187862	10204	0.000000
281474976710655.000000	30.963823	10205	0.000000
281474976710655.000000	32.342854	10206	0.000000
281474976710655.000000	30.062380	10207	0.000000
281474976710655.000000	32.070152	10208	0.000000
281474976710655.000000	31.564030	10209	0.000000
281474976710655.000000	28.629194	10210	0.000000
281474976710655.000000	31.172522	10211	0.000000
281474976710655.000000	32.610973	10212	0.000000
281474976710655.000000	30.967798	10213	0.000000
281474976710655.000000	32.520393	10214	0.000000
281474976710655.000000	32.270058	10215	0.000000
281474976710655.000000	33.795414	10216	0.000000
281474976710655.000000	34.953178	10217	0.000000
281474976710655.000000	30.461035	10218	0.000000
281474976710655.000000	30.637445	10219	0.000000
281474976710655.000000	31.267031	10220	0.000000
281474976710655.000000	31.094404	10221	0.000000
281474976710655.000000	31.360157	10222	0.000000
281474976710655.000000	30.776171	10223	0.000000
281474976710655.000000	31.456196	10224	0.000000
281474976710655.000000	33.323677	10225	0.000000
281474976710655.000000	31.859201	10226	0.000000
281474976710655.000000	29.885963	10227	0.000000
281474976710655.000000	33.325863	10228	0.000000
281474976710655.000000	30.663425	10229	0.000000
281474976710655.000000	30.364733	10230	0.000000
281474976710655.000000	30.950821	10231	0.000000
281474976710655.000000	30.631413	10232	0.000000
281474976710655.000000	29.234827	10233	0.000000
281474976710655.000000	30.210846	10234	0.000000
281474976710655.000000	28.286842	10235	0.000000
281474976710655.000000	29.754528	10236	0.000000
281474976710655.000000	31.204960	10237	0.000000
281474976710655.000000	28.085016	10238	0.000000
281474976710655.000000	28.572029	10239	0.000000
281474976710655.000000	31.038317	10240	0.000000
281474976710655.000000	34.438801	10241	0.000000
281474976710655.000000	29.450918	10242	0.000000
281474976710655.000000	29.922815	10243	0.000000
281474976710655.000000	27.717695	10244	0.000000
281474976710655.000000	29.952490	10245	0.000000
281474976710655.000000	30.248720	10246	0.000000
281474976710655.000000	29.333546	10247	0.000000
281474976710655.000000	30.705311	10248	0.000000
281474976710655.000000	29.739347	10249	0.000000
281474976710655.000000	30.909128	10250	0.000000
281474976710655.000000	31.019529	10251	0.000000
281474976710655.000000	29.002947	10252	0.000000
281474976710655.000000	30.183544	10253	0.000000
281474976710655.000000	26.574953	10254	0.000000
281474976710655.000000	28.256399	10255	0.000000
281474976710655.000000	27.972881	10256	0.000000
281474976710655.000000	32.060612	10257	0.000000
281474976710655.000000	29.391521	10258	0.000000
281474976710655.000000	28.715893	10259	0.000000
281474976710655.000000	27.199364	10260	0.000000
281474976710655.000000	26.585690	10261	0.000000
281474976710655.000000	28.981983	10262	0.000000
281474976710655.000000	27.308201	10263	0.000000
281474976710655.000000	27.806393	10264	0.000000
281474976710655.000000	29.409893	10265	0.000000
281474976710655.000000	27.078585	10266	0.000000
281474976710655.000000	26.957359	10267	0.000000
281474976710655.000000	29.103104	10268	0.000000
281474976710655.000000	29.242596	10269	0.000000
281474976710655.000000	28.497574	10270	0.000000
281474976710655.000000	28.401051	10271	0.000000
281474976710655.000000	27.221903	10272	0.000000
281474976710655.000000	30.966370	10273	0.000000
281474976710655.000000	28.531588	10274	0.000000
281474976710655.000000	29.034758	10275	0.000000
281474976710655.000000	28.323750	10276	0.000000
281474976710655.000000	28.842562	10277	0.000000
281474976710655.000000	28.174526	10278	0.000000
281474976710655.000000	27.920757	10279	0.000000
281474976710655.000000	30.441284	10280	0.000000
281474976710655.000000	29.425852	10281	0.000000
281474976710655.000000	27.981316	10282	0.000000
281474976710655.000000	29.990927	10283	0.000000
281474976710655.000000	27.873053	10284	0.000000
281474976710655.000000	31.108637	10285	0.000000
281474976710655.000000	28.215294	10286	0.000000
281474976710655.000000	26.224609	10287	0.000000
281474976710655.000000	27.782980	10288	0.000000
281474976710655.000000	29.534122	10289	0.000000
281474976710655.000000	28.071390	10290	0.000000
281474976710655.000000	28.070820	10291	0.000000
281474976710655.000000	26.302679	10292	0.000000
281474976710655.000000	27.691713	10293	0.000000
281474976710655.000000	28.054424	10294	0.000000
281474976710655.000000	27.894924	10295	0.000000
281474976710655.000000	28.785257	10296	0.000000
281474976710655.000000	26.449434	10297	0.000000
281474976710655.000000	27.798317	10298	0.000000
281474976710655.000000	27.515472	10299	0.000000
281474976710655.000000	27.169680	10300	0.000000
281474976710655.000000	29.668570	10301	0.000000
281474976710655.000000	29.247198	10302	0.000000
281474976710655.000000	27.642422	10303	0.000000
281474976710655.000000	28.407753	10304	0.000000
281474976710655.000000	30.619892	10305	0.000000
281474976710655.000000	25.713978	10306	0.000000
281474976710655.000000	27.064751	10307	0.000000
281474976710655.000000	27.606495	10308	0.000000
281474976710655.000000	25.465307	10309	0.000000
281474976710655.000000	26.222931	10310	0.000000
281474976710655.000000	25.608818	10311	0.000000
281474976710655.000000	25.678383	10312	0.000000
281474976710655.000000	28.343874	10313	0.000000
281474976710655.000000	25.622438	10314	0.000000
281474976710655.000000	25.230402	10315	0.000000
281474976710655.000000	26.743269	10316	0.000000
281474976710655.000000	25.245100	10317	0.000000
281474976710655.000000	26.904318	10318	0.000000
281474976710655.000000	25.236355	10319	0.000000
281474976710655.000000	27.130331	10320	0.000000
281474976710655.000000	25.468088	10321	0.000000
281474976710655.000000	26.942928	10322	0.000000
281474976710655.000000	25.425161	10323	0.000000
281474976710655.000000	25.095201	10324	0.000000
281474976710655.000000	28.173691	10325	0.000000
281474976710655.000000	29.496229	10326	0.000000
281474976710655.000000	28.395817	10327	0.000000
281474976710655.000000	27.708103	10328	0.000000
281474976710655.000000	26.373915	10329	0.000000
281474976710655.000000	25.575874	10330	0.000000
281474976710655.000000	25.588104	10331	0.000000
281474976710655.000000	28.110176	10332	0.000000
281474976710655.000000	25.928478	10333	0.000000
281474976710655.000000	26.898764	10334	0.000000
281474976710655.000000	26.351080	10335	0.000000
281474976710655.000000	26.039915	10336	0.000000
281474976710655.000000	25.429560	10337	0.000000
281474976710655.000000	26.810898	10338	0.000000
281474976710655.000000	24.543201	10339	0.000000
281474976710655.000000	28.089842	10340	0.000000
281474976710655.000000	24.783356	10341	0.000000
281474976710655.000000	26.909685	10342	0.000000
281474976710655.000000	24.512453	10343	0.000000
281474976710655.000000	26.058306	10344	0.000000
281474976710655.000000	24.075804	10345	0.000000
281474976710655.000000	25.787491	10346	0.000000
281474976710655.000000	24.279882	10347	0.000000
281474976710655.000000	28.577656	10348	0.000000
281474976710655.000000	26.224014	10349	0.000000
281474976710655.000000	26.561447	10350	0.000000
281474976710655.000000	26.903158	10351	0.000000
281474976710655.000000	24.964296	10352	0.000000
281474976710655.000000	27.039207	10353	0.000000
281474976710655.000000	24.429432	10354	0.000000
281474976710655.000000	24.338539	10355	0.000000
281474976710655.000000	25.576027	10356	0.000000
281474976710655.000000	25.895218	10357	0.000000
281474976710655.000000	25.622690	10358	0.000000
281474976710655.000000	24.732849	10359	0.000000
281474976710655.000000	24.023968	10360	0.000000
281474976710655.000000	26.705574	10361	0.000000
281474976710655.000000	24.755651	10362	0.000000
281474976710655.000000	25.663582	10363	0.000000
281474976710655.000000	25.631647	10364	0.000000
281474976710655.000000	26.744432	10365	0.000000
281474976710655.000000	25.209425	10366	0.000000
281474976710655.000000	24.707130	10367	0.000000
281474976710655.000000	25.900614	10368	0.000000
281474976710655.000000	25.889482	10369	0.000000
281474976710655.000000	25.064997	10370	0.000000
281474976710655.000000	26.442608	10371	0.000000
281474976710655.000000	26.564045	10372	0.000000
281474976710655.000000	24.897066	10373	0.000000
281474976710655.000000	25.176950	10374	0.000000
281474976710655.000000	26.538633	10375	0.000000
281474976710655.000000	24.619099	10376	0.000000
281474976710655.000000	23.430016	10377	0.000000
281474976710655.000000	24.673019	10378	0.000000
281474976710655.000000	25.512537	10379	0.000000
281474976710655.000000	23.641924	10380	0.000000
281474976710655.000000	23.564936	10381	0.000000
281474976710655.000000	26.521795	10382	0.000000
281474976710655.000000	25.081764	10383	0.000000
281474976710655.000000	23.324928	10384	0.000000
281474976710655.000000	24.345852	10385	0.000000
281474976710655.000000	23.381783	10386	0.000000
281474976710655.000000	23.438417	10387	0.000000
281474976710655.000000	23.170216	10388	0.000000
281474976710655.000000	24.775793	10389	0.000000
281474976710655.000000	24.000505	10390	0.000000
281474976710655.000000	25.877707	10391	0.000000
281474976710655.000000	25.336334	10392	0.000000
281474976710655.000000	24.054592	10393	0.000000
281474976710655.000000	23.832981	10394	0.000000
281474976710655.000000	24.177790	10395	0.000000
281474976710655.000000	25.111595	10396	0.000000
281474976710655.000000	23.930330	10397	0.000000
281474976710655.000000	24.127985	10398	0.000000
281474976710655.000000	24.222103	10399	0.000000
281474976710655.000000	24.111349	10400	0.000000
281474976710655.000000	24.515335	10401	0.000000
281474976710655.000000	22.847704	10402	0.000000
281474976710655.000000	25.211954	10403	0.000000
281474976710655.000000	24.371471	10404	0.000000
281474976710655.000000	23.918777	10405	0.000000
281474976710655.000000	22.878338	10406	0.000000
281474976710655.000000	24.194393	10407	0.000000
281474976710655.000000	25.354349	10408	0.000000
281474976710655.000000	24.282257	10409	0.000000
281474976710655.000000	22.604221	10410	0.000000
281474976710655.000000	26.185862	10411	0.000000
281474976710655.000000	23.647318	10412	0.000000
281474976710655.000000	24.926844	10413	0.000000
281474976710655.000000	25.509451	10414	0.000000
281474976710655.000000	25.854059	10415	0.000000
281474976710655.000000	23.411509	10416	0.000000
281474976710655.000000	25.845028	10417	0.000000
281474976710655.000000	24.358978	10418	0.000000
281474976710655.000000	24.081932	10419	0.000000
281474976710655.000000	24.976784	10420	0.000000
281474976710655.000000	23.442459	10421	0.000000
281474976710655.000000	23.043398	10422	0.000000
281474976710655.000000	24.179939	10423	0.000000
281474976710655.000000	24.425871	10424	0.000000
281474976710655.000000	23.740854	10425	0.000000
281474976710655.000000	23.601915	10426	0.000000
281474976710655.000000	23.030697	10427	0.000000
281474976710655.000000	24.676672	10428	0.000000
281474976710655.000000	23.308182	10429	0.000000
281474976710655.000000	23.634222	10430	0.000000
281474976710655.000000	25.585987	10431	0.000000
281474976710655.000000	24.776932	10432	0.000000
281474976710655.000000	23.928061	10433	0.000000
281474976710655.000000	24.129988	10434	0.000000
281474976710655.000000	22.733459	10435	0.000000
281474976710655.000000	23.470722	10436	0.000000
281474976710655.000000	22.101215	10437	0.000000
281474976710655.000000	22.108892	10438	0.000000
281474976710655.000000	23.541130	10439	0.000000
281474976710655.000000	24.207552	10440	0.000000
281474976710655.000000	23.813116	10441	0.000000
281474976710655.000000	21.721016	10442	0.000000
281474976710655.000000	23.315733	10443	0.000000
281474976710655.000000	24.281492	10444	0.000000
281474976710655.000000	22.652210	10445	0.000000
281474976710655.000000	23.260931	10446	0.000000
281474976710655.000000	24.085794	10447	0.000000
281474976710655.000000	23.829615	10448	0.000000
281474976710655.000000	23.220808	10449	0.000000
281474976710655.000000	21.579266	10450	0.000000
281474976710655.000000	22.947598	10451	0.000000
281474976710655.000000	24.308159	10452	0.000000
281474976710655.000000	22.880270	10453	0.000000
281474976710655.000000	21.562365	10454	0.000000
281474976710655.000000	23.568333	10455	0.000000
281474976710655.000000	21.328886	10456	0.000000
281474976710655.000000	23.570999	10457	0.000000
281474976710655.000000	22.208906	10458	0.000000
281474976710655.000000	21.035460	10459	0.000000
281474976710655.000000	23.451529	10460	0.000000
281474976710655.000000	22.251863	10461	0.000000
281474976710655.000000	23.290152	10462	0.000000
281474976710655.000000	21.607080	10463	0.000000
281474976710655.000000	22.688644	10464	0.000000
281474976710655.000000	21.657188	10465	0.000000
281474976710655.000000	21.903471	10466	0.000000
281474976710655.000000	22.478212	10467	0.000000
281474976710655.000000	21.428629	10468	0.000000
281474976710655.000000	22.594070	10469	0.000000
281474976710655.000000	21.340612	10470	0.000000
281474976710655.000000	21.295397	10471	0.000000
281474976710655.000000	22.233040	10472	0.000000
281474976710655.000000	21.946123	10473	0.000000
281474976710655.000000	23.149431	10474	0.000000
281474976710655.000000	21.217749	10475	0.000000
281474976710655.000000	23.093252	10476	0.000000
281474976710655.000000	21.379297	10477	0.000000
281474976710655.000000	22.385918	10478	0.000000
281474976710655.000000	20.304422	10479	0.000000
281474976710655.000000	21.921785	10480	0.000000
281474976710655.000000	23.560656	10481	0.000000
281474976710655.000000	22.641468	10482	0.000000
281474976710655.000000	21.196848	10483	0.000000
281474976710655.000000	22.573805	10484	0.000000
281474976710655.000000	20.924467	10485	0.000000
281474976710655.000000	21.333023	10486	0.000000
281474976710655.000000	21.379555	10487	0.000000
281474976710655.000000	21.877365	10488	0.000000
281474976710655.000000	21.982409	10489	0.000000
281474976710655.000000	21.719227	10490	0.000000
281474976710655.000000	21.580299	10491	0.000000
281474976710655.000000	21.419472	10492	0.000000
281474976710655.000000	21.377258	10493	0.000000
281474976710655.000000	21.322878	10494	0.000000
281474976710655.000000	22.064074	10495	0.000000
281474976710655.000000	21.714867	10496	0.000000
281474976710655.000000	21.503092	10497	0.000000
281474976710655.000000	21.459002	10498	0.000000
281474976710655.000000	20.727711	10499	0.000000
281474976710655.000000	20.843515	10500	0.000000
281474976710655.000000	21.859915	10501	0.000000
281474976710655.000000	22.158785	10502	0.000000
281474976710655.000000	20.618139	10503	0.000000
281474976710655.000000	20.925800	10504	0.000000
281474976710655.000000	21.042767	10505	0.000000
281474976710655.000000	21.749599	10506	0.000000
281474976710655.000000	20.705591	10507	0.000000
281474976710655.000000	21.260900	10508	0.000000
281474976710655.000000	20.057495	10509	0.000000
281474976710655.000000	20.390076	10510	0.000000
281474976710655.000000	20.855541	10511	0.000000
281474976710655.000000	21.843525	10512	0.000000
281474976710655.000000	20.818705	10513	0.000000
281474976710655.000000	21.264160	10514	0.000000
281474976710655.000000	20.674843	10515	0.000000
281474976710655.000000	21.158854	10516	0.000000
281474976710655.000000	20.343473	10517	0.000000
281474976710655.000000	20.978666	10518	0.000000
281474976710655.000000	20.237930	10519	0.000000
281474976710655.000000	20.570150	10520	0.000000
281474976710655.000000	20.202583	10521	0.000000
281474976710655.000000	20.328447	10522	0.000000
281474976710655.000000	20.652828	10523	0.000000
281474976710655.000000	20.799572	10524	0.000000
281474976710655.000000	20.768436	10525	0.000000
281474976710655.000000	20.142605	10526	0.000000
281474976710655.000000	19.390003	10527	0.000000
281474976710655.000000	21.943684	10528	0.000000
281474976710655.000000	20.214592	10529	0.000000
281474976710655.000000	20.422821	10530	0.000000
281474976710655.000000	20.229757	10531	0.000000
281474976710655.000000	20.183432	10532	0.000000
281474976710655.000000	19.684950	10533	0.000000
281474976710655.000000	20.314896	10534	0.000000
281474976710655.000000	20.387053	10535	0.000000
281474976710655.000000	21.590940	10536	0.000000
281474976710655.000000	19.985598	10537	0.000000
281474976710655.000000	20.274698	10538	0.000000
281474976710655.000000	19.929136	10539	0.000000
281474976710655.000000	20.501337	10540	0.000000
281474976710655.000000	19.120348	10541	0.000000
281474976710655.000000	19.773216	10542	0.000000
281474976710655.000000	20.758871	10543	0.000000
281474976710655.000000	19.736376	10544	0.000000
281474976710655.000000	21.174835	10545	0.000000
281474976710655.000000	20.001236	10546	0.000000
281474976710655.000000	19.706505	10547	0.000000
281474976710655.000000	19.678373	10548	0.000000
281474976710655.000000	19.765409	10549	0.000000
281474976710655.000000	20.957001	10550	0.000000
281474976710655.000000	19.563007	10551	0.000000
281474976710655.000000	20.106857	10552	0.000000
281474976710655.000000	19.560427	10553	0.000000
281474976710655.000000	20.090889	10554	0.000000
281474976710655.000000	20.894037	10555	0.000000
281474976710655.000000	20.129883	10556	0.000000
281474976710655.000000	19.810041	10557	0.000000
281474976710655.000000	19.500027	10558	0.000000
281474976710655.000000	18.990887	10559	0.000000
281474976710655.000000	20.308237	10560	0.000000
281474976710655.000000	20.006544	10561	0.000000
281474976710655.000000	20.049637	10562	0.000000
281474976710655.000000	18.782951	10563	0.000000
281474976710655.000000	20.280222	10564	0.000000
281474976710655.000000	19.530807	10565	0.000000
281474976710655.000000	19.662306	10566	0.000000
281474976710655.000000	19.355600	10567	0.000000
281474976710655.000000	19.197210	10568	0.000000
281474976710655.000000	18.077858	10569	0.000000
281474976710655.000000	20.080181	10570	0.000000
281474976710655.000000	18.913345	10571	0.000000
281474976710655.000000	20.018236	10572	0.000000
281474976710655.000000	18.998329	10573	0.000000
281474976710655.000000	20.018213	10574	0.000000
281474976710655.000000	19.821857	10575	0.000000
281474976710655.000000	19.428185	10576	0.000000
281474976710655.000000	18.406132	10577	0.000000
281474976710655.000000	19.768669	10578	0.000000
281474976710655.000000	18.515141	10579	0.000000
281474976710655.000000	19.403095	10580	0.000000
281474976710655.000000	19.576685	10581	0.000000
281474976710655.000000	19.752190	10582	0.000000
281474976710655.000000	19.644260	10583	0.000000
281474976710655.000000	19.383705	10584	0.000000
281474976710655.000000	18.948078	10585	0.000000
281474976710655.000000	19.268917	10586	0.000000
281474976710655.000000	19.040733	10587	0.000000
281474976710655.000000	19.595221	10588	0.000000
281474976710655.000000	19.133440	10589	0.000000
281474976710655.000000	18.678995	10590	0.000000
281474976710655.000000	18.767908	10591	0.000000
281474976710655.000000	19.247959	10592	0.000000
281474976710655.000000	18.179796	10593	0.000000
281474976710655.000000	19.245283	10594	0.000000
281474976710655.000000	18.817287	10595	0.000000
281474976710655.000000	18.917925	10596	0.000000
281474976710655.000000	19.017197	10597	0.000000
281474976710655.000000	19.581661	10598	0.000000
281474976710655.000000	18.433634	10599	0.000000
281474976710655.000000	18.365776	10600	0.000000
281474976710655.000000	19.157774	10601	0.000000
281474976710655.000000	19.660145	10602	0.000000
281474976710655.000000	18.747967	10603	0.000000
281474976710655.000000	18.428524	10604	0.000000
281474976710655.000000	19.033493	10605	0.000000
281474976710655.000000	18.275967	10606	0.000000
281474976710655.000000	18.141117	10607	0.000000
281474976710655.000000	18.794603	10608	0.000000
281474976710655.000000	18.975046	10609	0.000000
281474976710655.000000	18.946108	10610	0.000000
281474976710655.000000	18.158264	10611	0.000000
281474976710655.000000	18.848745	10612	0.000000
281474976710655.000000	17.951008	10613	0.000000
281474976710655.000000	19.560707	10614	0.000000
281474976710655.000000	17.862513	10615	0.000000
281474976710655.000000	18.656145	10616	0.000000
281474976710655.000000	17.943378	10617	0.000000
281474976710655.000000	18.426643	10618	0.000000
281474976710655.000000	18.325401	10619	0.000000
281474976710655.000000	19.011089	10620	0.000000
281474976710655.000000	17.623701	10621	0.000000
281474976710655.000000	18.257994	10622	0.000000
281474976710655.000000	17.883186	10623	0.000000
281474976710655.000000	18.511061	10624	0.000000
281474976710655.000000	18.326111	10625	0.000000
281474976710655.000000	18.148232	10626	0.000000
281474976710655.000000	17.979910	10627	0.000000
281474976710655.000000	18.127882	10628	0.000000
281474976710655.000000	17.309092	10629	0.000000
281474976710655.000000	18.813061	10630	0.000000
281474976710655.000000	18.339264	10631	0.000000
281474976710655.000000	18.526419	10632	0.000000
281474976710655.000000	18.287979	10633	0.000000
281474976710655.000000	18.477823	10634	0.000000
281474976710655.000000	18.383629	10635	0.000000
281474976710655.000000	18.876049	10636	0.000000
281474976710655.000000	17.439302	10637	0.000000
281474976710655.000000	18.817741	10638	0.000000
281474976710655.000000	17.595062	10639	0.000000
281474976710655.000000	18.068037	10640	0.000000
281474976710655.000000	17.935740	10641	0.000000
281474976710655.000000	18.268061	10642	0.000000
281474976710655.000000	18.156883	10643	0.000000
281474976710655.000000	18.449318	10644	0.000000
281474976710655.000000	17.600925	10645	0.000000
281474976710655.000000	18.160227	10646	0.000000
281474976710655.000000	17.889330	10647	0.000000
281474976710655.000000	19.039469	10648	0.000000
281474976710655.000000	17.982433	10649	0.000000
281474976710655.000000	18.326624	10650	0.000000
281474976710655.000000	16.872257	10651	0.000000
281474976710655.000000	17.519821	10652	0.000000
281474976710655.000000	18.039026	10653	0.000000
281474976710655.000000	17.712198	10654	0.000000
281474976710655.000000	18.088558	10655	0.000000
281474976710655.000000	17.404877	10656	0.000000
281474976710655.000000	17.373886	10657	0.000000
281474976710655.000000	16.988327	10658	0.000000
281474976710655.000000	17.457954	10659	0.000000
281474976710655.000000	17.463541	10660	0.000000
281474976710655.000000	17.529863	10661	0.000000
281474976710655.000000	17.386427	10662	0.000000
281474976710655.000000	17.341454	10663	0.000000
281474976710655.000000	17.637915	10664	0.000000
281474976710655.000000	17.852770	10665	0.000000
281474976710655.000000	17.657763	10666	0.000000
281474976710655.000000	17.478453	10667	0.000000
281474976710655.000000	17.462439	10668	0.000000
281474976710655.000000	16.840723	10669	0.000000
281474976710655.000000	17.616070	10670	0.000000
281474976710655.000000	16.750574	10671	0.000000
281474976710655.000000	17.669054	10672	0.000000
281474976710655.000000	16.925625	10673	0.000000
281474976710655.000000	18.119539	10674	0.000000
281474976710655.000000	16.884184	10675	0.000000
281474976710655.000000	17.524437	10676	0.000000
281474976710655.000000	17.501369	10677	0.000000
281474976710655.000000	16.973104	10678	0.000000
281474976710655.000000	16.884523	10679	0.000000
281474976710655.000000	18.008640	10680	0.000000
281474976710655.000000	16.461376	10681	0.000000
281474976710655.000000	17.691935	10682	0.000000
281474976710655.000000	17.133810	10683	0.000000
281474976710655.000000	17.068665	10684	0.000000
281474976710655.000000	16.440323	10685	0.000000
281474976710655.000000	17.630863	10686	0.000000
281474976710655.000000	16.561827	10687	0.000000
281474976710655.000000	17.223164	10688	0.000000
281474976710655.000000	16.792236	10689	0.000000
281474976710655.000000	17.446407	10690	0.000000
281474976710655.000000	16.500328	10691	0.000000
281474976710655.000000	17.344313	10692	0.000000
281474976710655.000000	16.668457	10693	0.000000
281474976710655.000000	17.346180	10694	0.000000
281474976710655.000000	17.085735	10695	0.000000
281474976710655.000000	17.254000	10696	0.000000
281474976710655.000000	16.693697	10697	0.000000
281474976710655.000000	16.714077	10698	0.000000
281474976710655.000000	16.251387	10699	0.000000
281474976710655.000000	16.917032	10700	0.000000
281474976710655.000000	16.436169	10701	0.000000
281474976710655.000000	16.983578	10702	0.000000
281474976710655.000000	16.682619	10703	0.000000
281474976710655.000000	17.186319	10704	0.000000
281474976710655.000000	16.972313	10705	0.000000
281474976710655.000000	16.714981	10706	0.000000
281474976710655.000000	16.331907	10707	0.000000
281474976710655.000000	16.711849	10708	0.000000
281474976710655.000000	16.774595	10709	0.000000
281474976710655.000000	16.723288	10710	0.000000
281474976710655.000000	16.280270	10711	0.000000
281474976710655.000000	17.063171	10712	0.000000
281474976710655.000000	16.203575	10713	0.000000
281474976710655.000000	17.058348	10714	0.000000
281474976710655.000000	16.335922	10715	0.000000
281474976710655.000000	17.178949	10716	0.000000
281474976710655.000000	16.118956	10717	0.000000
281474976710655.000000	16.404921	10718	0.000000
281474976710655.000000	16.641047	10719	0.000000
281474976710655.000000	17.046316	10720	0.000000
281474976710655.000000	16.079426	10721	0.000000
281474976710655.000000	16.537273	10722	0.000000
281474976710655.000000	16.133278	10723	0.000000
281474976710655.000000	16.802624	10724	0.000000
281474976710655.000000	15.893541	10725	0.000000
281474976710655.000000	16.119753	10726	0.000000
281474976710655.000000	15.918797	10727	0.000000
281474976710655.000000	16.324812	10728	0.000000
281474976710655.000000	16.434616	10729	0.000000
281474976710655.000000	16.375162	10730	0.000000
281474976710655.000000	16.299702	10731	0.000000
281474976710655.000000	16.367767	10732	0.000000
281474976710655.000000	15.773014	10733	0.000000
281474976710655.000000	16.578859	10734	0.000000
281474976710655.000000	15.617828	10735	0.000000
281474976710655.000000	15.919663	10736	0.000000
281474976710655.000000	15.808609	10737	0.000000
281474976710655.000000	16.125797	10738	0.000000
281474976710655.000000	15.636922	10739	0.000000
281474976710655.000000	16.709169	10740	0.000000
281474976710655.000000	15.771759	10741	0.000000
281474976710655.000000	16.502316	10742	0.000000
281474976710655.000000	15.898093	10743	0.000000
281474976710655.000000	15.931892	10744	0.000000
281474976710655.000000	16.369558	10745	0.000000
281474976710655.000000	15.877177	10746	0.000000
281474976710655.000000	15.398191	10747	0.000000
281474976710655.000000	15.989844	10748	0.000000
281474976710655.000000	16.255438	10749	0.000000
281474976710655.000000	15.942031	10750	0.000000
281474976710655.000000	15.728636	10751	0.000000
281474976710655.000000	15.929293	10752	0.000000
281474976710655.000000	16.299078	10753	0.000000
281474976710655.000000	16.017857	10754	0.000000
281474976710655.000000	15.659435	10755	0.000000
281474976710655.000000	16.401453	10756	0.000000
281474976710655.000000	15.570497	10757	0.000000
281474976710655.000000	16.126602	10758	0.000000
281474976710655.000000	15.714983	10759	0.000000
281474976710655.000000	15.684859	10760	0.000000
281474976710655.000000	15.900293	10761	0.000000
281474976710655.000000	15.986790	10762	0.000000
281474976710655.000000	15.534123	10763	0.000000
281474976710655.000000	15.625497	10764	0.000000
281474976710655.000000	15.621525	10765	0.000000
281474976710655.000000	15.301088	10766	0.000000
281474976710655.000000	15.405721	10767	0.000000
281474976710655.000000	15.939132	10768	0.000000
281474976710655.000000	15.549386	10769	0.000000
281474976710655.000000	15.728509	10770	0.000000
281474976710655.000000	15.428024	10771	0.000000
281474976710655.000000	15.428831	10772	0.000000
281474976710655.000000	15.282476	10773	0.000000
281474976710655.000000	15.426133	10774	0.000000
281474976710655.000000	15.230789	10775	0.000000
281474976710655.000000	15.835282	10776	0.000000
281474976710655.000000	15.331519	10777	0.000000
281474976710655.000000	15.214718	10778	0.000000
281474976710655.000000	15.593904	10779	0.000000
281474976710655.000000	15.729300	10780	0.000000
281474976710655.000000	15.436179	10781	0.000000
281474976710655.000000	15.394383	10782	0.000000
281474976710655.000000	14.967957	10783	0.000000
281474976710655.000000	15.258731	10784	0.000000
281474976710655.000000	15.103648	10785	0.000000
281474976710655.000000	15.676303	10786	0.000000
281474976710655.000000	15.141674	10787	0.000000
281474976710655.000000	15.038547	10788	0.000000
281474976710655.000000	14.845436	10789	0.000000
281474976710655.000000	15.311485	10790	0.000000
281474976710655.000000	14.806200	10791	0.000000
281474976710655.000000	15.522352	10792	0.000000
281474976710655.000000	15.273691	10793	0.000000
281474976710655.000000	15.912086	10794	0.000000
281474976710655.000000	14.731439	10795	0.000000
281474976710655.000000	14.988669	10796	0.000000
281474976710655.000000	14.861877	10797	0.000000
281474976710655.000000	15.384202	10798	0.000000
281474976710655.000000	15.053668	10799	0.000000
281474976710655.000000	15.428539	10800	0.000000
281474976710655.000000	15.077965	10801	0.000000
281474976710655.000000	15.141644	10802	0.000000
281474976710655.000000	15.254985	10803	0.000000
